0.10056666666666667, 0.105
0.93425, 0.9319
0.9542666666666667, 0.9502
0.9640166666666666, 0.9589
0.9700833333333333, 0.9632
0.9745666666666667, 0.9664
0.9776166666666667, 0.9681
0.9801166666666666, 0.9698
0.98245, 0.9707
0.9840833333333333, 0.9719
0.9855, 0.9725
0.98675, 0.9732
0.9879833333333333, 0.974
0.9888666666666667, 0.974
0.9896833333333334, 0.9739
0.99025, 0.9741
0.9909, 0.9742
0.9914333333333334, 0.9742
0.9918166666666667, 0.9747
0.9923333333333333, 0.975
0.9929166666666667, 0.9749
0.9933333333333333, 0.9748
0.9937166666666667, 0.9753
0.9940333333333333, 0.9755
0.99425, 0.9761
0.9943833333333333, 0.9759
0.9945666666666667, 0.9757
0.9948666666666667, 0.976
0.9949666666666667, 0.9761
0.9951666666666666, 0.9762
0.9953833333333333, 0.9763
0.9956333333333334, 0.9768
0.9958333333333333, 0.9768
0.9959833333333333, 0.977
0.9961, 0.9768
0.9962166666666666, 0.9766
0.9963166666666666, 0.9766
0.9965166666666667, 0.9766
0.9966, 0.9769
0.99675, 0.9773
0.99685, 0.9773
0.9968833333333333, 0.9771
0.99695, 0.9771
0.9970166666666667, 0.9769
0.9970833333333333, 0.9766
0.9971333333333333, 0.9762
0.99715, 0.9766
0.9971666666666666, 0.9764
0.9971666666666666, 0.9762
0.9972333333333333, 0.9762
0.9972666666666666, 0.9762

969, 0, 3, 0, 0, 4, 8, 2, 2, 2, 
0, 1126, 0, 0, 0, 0, 2, 5, 0, 4, 
0, 4, 1012, 11, 2, 1, 2, 10, 5, 0, 
0, 1, 3, 972, 1, 5, 0, 3, 4, 3, 
0, 0, 3, 0, 960, 1, 5, 3, 3, 9, 
3, 1, 2, 9, 1, 873, 7, 1, 3, 7, 
2, 1, 0, 1, 4, 4, 930, 0, 2, 0, 
2, 1, 4, 4, 0, 1, 1, 997, 3, 8, 
4, 1, 5, 6, 1, 1, 3, 1, 950, 3, 
0, 0, 0, 7, 13, 2, 0, 6, 2, 973, 
