0.12073333333333333, 0.1211
0.9408833333333333, 0.9388
0.96065, 0.955
0.9695666666666667, 0.9606
0.9748833333333333, 0.9649
0.9787833333333333, 0.9676
0.9816833333333334, 0.9691
0.9837833333333333, 0.9698
0.9851666666666666, 0.9707
0.9865333333333334, 0.9719
0.98755, 0.9723
0.9884166666666667, 0.9734
0.9893333333333333, 0.9735
0.9902666666666666, 0.9739
0.99085, 0.9742
0.99145, 0.974
0.9919666666666667, 0.9745
0.99235, 0.9747
0.9928333333333333, 0.9746
0.9933, 0.9745
0.9935666666666667, 0.974
0.9938666666666667, 0.9736
0.9942166666666666, 0.9738
0.9945666666666667, 0.9738
0.9948333333333333, 0.9738
0.9951, 0.9741
0.99525, 0.9742
0.9954833333333334, 0.9745
0.9956166666666667, 0.9746
0.99575, 0.9749
0.99585, 0.9751
0.99595, 0.9748
0.9961166666666667, 0.9747
0.99625, 0.9746
0.9963666666666666, 0.9747
0.9964166666666666, 0.9748
0.99655, 0.975
0.9965833333333334, 0.975
0.9966166666666667, 0.9749
0.9967166666666667, 0.9748
0.9967833333333334, 0.9749
0.9968166666666667, 0.9747
0.9968666666666667, 0.9752
0.9969, 0.9756
0.9969333333333333, 0.9755
0.997, 0.9756
0.9970833333333333, 0.9752
0.9971333333333333, 0.9751
0.99715, 0.9754
0.9972166666666666, 0.9753
0.9972666666666666, 0.9751

969, 0, 5, 1, 2, 2, 7, 1, 5, 3, 
1, 1123, 2, 0, 0, 0, 4, 4, 1, 5, 
1, 4, 1003, 7, 4, 1, 1, 12, 4, 0, 
0, 1, 5, 980, 0, 9, 0, 2, 8, 7, 
2, 1, 3, 1, 967, 0, 5, 3, 5, 9, 
1, 0, 0, 8, 0, 871, 3, 1, 3, 7, 
0, 2, 2, 1, 3, 4, 935, 0, 2, 0, 
1, 1, 5, 4, 0, 1, 0, 992, 6, 6, 
1, 3, 7, 3, 0, 3, 3, 1, 939, 0, 
4, 0, 0, 5, 6, 1, 0, 12, 1, 972, 
