0.11898333333333333, 0.1142
0.9470333333333333, 0.9443
0.9639833333333333, 0.9573
0.9713, 0.9626
0.9763833333333334, 0.9653
0.9798666666666667, 0.9687
0.9829166666666667, 0.9689
0.9849333333333333, 0.9705
0.9869, 0.971
0.98815, 0.9716
0.9892333333333333, 0.9713
0.9899166666666667, 0.9722
0.9910333333333333, 0.9733
0.9914333333333334, 0.9742
0.9919333333333333, 0.9748
0.9926333333333334, 0.9742
0.99305, 0.974
0.9934666666666667, 0.9747
0.9939, 0.975
0.9941, 0.9748
0.99435, 0.9752
0.9945833333333334, 0.9756
0.9949333333333333, 0.9757
0.9952333333333333, 0.9763
0.9954333333333333, 0.976
0.9955166666666667, 0.9756
0.9955166666666667, 0.9754
0.9955, 0.9755
0.9958166666666667, 0.9756
0.9960333333333333, 0.9758
0.99625, 0.976
0.99635, 0.9762
0.9964, 0.9761
0.9965166666666667, 0.976
0.9967, 0.976
0.9968, 0.9761
0.9969333333333333, 0.9761
0.9969666666666667, 0.976
0.99705, 0.9767
0.9970666666666667, 0.9767
0.9971, 0.9766
0.9971666666666666, 0.9768
0.9972166666666666, 0.9764
0.9972166666666666, 0.9763
0.9972666666666666, 0.9763
0.9973, 0.9764
0.9973833333333333, 0.9765
0.9974333333333333, 0.9765
0.99745, 0.9765
0.9974833333333334, 0.9763
0.9975166666666667, 0.9763

974, 1, 7, 2, 2, 3, 5, 0, 5, 6, 
1, 1124, 0, 0, 0, 0, 3, 1, 1, 3, 
0, 3, 1007, 6, 6, 0, 1, 10, 5, 0, 
1, 2, 4, 985, 0, 6, 1, 6, 10, 2, 
1, 0, 1, 0, 957, 2, 6, 0, 5, 13, 
0, 2, 1, 6, 0, 871, 4, 0, 7, 3, 
1, 2, 4, 0, 1, 6, 936, 0, 2, 0, 
1, 1, 4, 4, 1, 1, 0, 1003, 4, 4, 
1, 0, 4, 2, 2, 2, 1, 1, 931, 3, 
0, 0, 0, 5, 13, 1, 1, 7, 4, 975, 
