0.08113333333333334, 0.0787
0.9476666666666667, 0.9429
0.9619333333333333, 0.9531
0.97225, 0.9621
0.9740666666666666, 0.9641
0.9789166666666667, 0.9703
0.9798666666666667, 0.9689
0.9799333333333333, 0.9676
0.9800833333333333, 0.9654
0.98245, 0.9712
0.9831333333333333, 0.9696
0.9850166666666667, 0.9721
0.9845666666666667, 0.9712
0.9873833333333333, 0.9713
0.9868, 0.9704
0.9867166666666667, 0.9703
0.98665, 0.9709
0.98825, 0.9712
0.9887666666666667, 0.9725
0.98935, 0.9715
0.9887333333333334, 0.9721
0.9897, 0.9721
0.9904666666666667, 0.9736
0.9890833333333333, 0.9703
0.9902333333333333, 0.9701
0.9922, 0.9724
0.9918166666666667, 0.9711
0.9913833333333333, 0.971
0.9907166666666667, 0.9711
0.9913833333333333, 0.9713
0.9926166666666667, 0.9732
0.9928, 0.9735
0.99335, 0.9727
0.9937, 0.972
0.9928666666666667, 0.9724
0.9941, 0.9724
0.9943666666666666, 0.973
0.9942333333333333, 0.9733
0.9937833333333334, 0.973
0.9940166666666667, 0.9721
0.9948833333333333, 0.9737
0.9949, 0.9742
0.9944166666666666, 0.9743
0.99485, 0.9743
0.9949666666666667, 0.9741
0.9950333333333333, 0.9728
0.9952666666666666, 0.9744
0.9953, 0.9728
0.9952, 0.9736
0.9952333333333333, 0.9738
0.9958666666666667, 0.9741

967, 0, 4, 0, 2, 4, 8, 2, 5, 4, 
1, 1119, 1, 0, 1, 1, 5, 4, 1, 4, 
0, 3, 1010, 7, 6, 0, 0, 11, 2, 1, 
0, 3, 1, 985, 0, 16, 0, 2, 3, 4, 
1, 0, 1, 0, 956, 2, 4, 1, 4, 10, 
3, 1, 0, 4, 0, 853, 7, 0, 2, 4, 
6, 3, 2, 0, 3, 7, 928, 0, 1, 1, 
1, 1, 7, 6, 1, 1, 0, 1006, 3, 5, 
1, 5, 6, 4, 2, 4, 6, 0, 948, 7, 
0, 0, 0, 4, 11, 4, 0, 2, 5, 969, 
