0.08971666666666667, 0.0929
0.9100166666666667, 0.9106
0.9164166666666667, 0.9137
0.9336833333333333, 0.9284
0.9371166666666667, 0.9312
0.9341833333333334, 0.9302
0.94465, 0.9365
0.9404666666666667, 0.9335
0.94405, 0.9346
0.94265, 0.9346
0.9465333333333333, 0.9344
0.9439666666666666, 0.939
0.9489833333333333, 0.9381
0.95065, 0.9415
0.9517666666666666, 0.9405
0.9526166666666667, 0.9396
0.9435666666666667, 0.9352
0.9510666666666666, 0.9363
0.95215, 0.9383
0.9477, 0.9368
0.9512, 0.9422
0.9518833333333333, 0.9383
0.9529166666666666, 0.9384
0.9565666666666667, 0.9432
0.95695, 0.9419
0.95615, 0.9432
0.9539166666666666, 0.9374
0.95645, 0.9415
0.96015, 0.9454
0.953, 0.9387
0.9588333333333333, 0.9423
0.9570666666666666, 0.9423
0.9556166666666667, 0.9398
0.9551333333333333, 0.9399
0.9577166666666667, 0.9414
0.9566833333333333, 0.9404
0.9586666666666667, 0.9408
0.9602333333333334, 0.9415
0.9557166666666667, 0.9397
0.959, 0.9432
0.9581166666666666, 0.9397
0.9545666666666667, 0.9381
0.9604333333333334, 0.9405
0.9570833333333333, 0.9412
0.9623, 0.941
0.95835, 0.9388
0.9610333333333333, 0.9409
0.9624, 0.9436
0.9612833333333334, 0.9434
0.9637166666666667, 0.9444
0.9623, 0.9424

965, 1, 11, 7, 2, 9, 22, 1, 5, 10, 
0, 1115, 7, 1, 0, 0, 3, 7, 8, 2, 
1, 2, 965, 18, 3, 3, 2, 17, 11, 1, 
2, 5, 17, 942, 1, 15, 0, 14, 19, 12, 
1, 0, 6, 0, 931, 4, 14, 9, 6, 16, 
2, 5, 3, 17, 1, 815, 17, 1, 11, 4, 
4, 1, 4, 0, 9, 6, 888, 0, 8, 0, 
0, 3, 10, 8, 2, 6, 1, 965, 5, 9, 
5, 3, 9, 8, 3, 22, 11, 0, 888, 5, 
0, 0, 0, 9, 30, 12, 0, 14, 13, 950, 
