0.046933333333333334, 0.0463
0.9432666666666667, 0.9401
0.9568666666666666, 0.9538
0.9617166666666667, 0.956
0.9631166666666666, 0.9568
0.96645, 0.9584
0.9679, 0.958
0.96445, 0.9583
0.97055, 0.9612
0.9696, 0.959
0.97515, 0.9652
0.97715, 0.9627
0.9768166666666667, 0.967
0.9772666666666666, 0.9644
0.9785666666666667, 0.9646
0.97455, 0.9606
0.9809166666666667, 0.9649
0.9813666666666667, 0.9664
0.98125, 0.9665
0.9817, 0.967
0.9848166666666667, 0.9693
0.9841833333333333, 0.9674
0.982, 0.9657
0.9840333333333333, 0.9661
0.9840333333333333, 0.9661
0.9861166666666666, 0.9672
0.9840166666666667, 0.9667
0.98245, 0.9674
0.9860833333333333, 0.9692
0.98415, 0.9668
0.9854333333333334, 0.9657
0.9866666666666667, 0.9685
0.9864833333333334, 0.9673
0.9868333333333333, 0.9677
0.9874833333333334, 0.9682
0.9867833333333333, 0.9685
0.9872833333333333, 0.9665
0.9869166666666667, 0.9705
0.9862333333333333, 0.9668
0.98465, 0.9649
0.9868, 0.9667
0.9873166666666666, 0.9686
0.9886333333333334, 0.9678
0.9883333333333333, 0.9664
0.9897, 0.9679
0.9863333333333333, 0.9666
0.9894833333333334, 0.9686
0.9888666666666667, 0.9663
0.98815, 0.9676
0.9889833333333333, 0.9682
0.9881166666666666, 0.967

965, 0, 6, 3, 1, 6, 8, 0, 7, 6, 
0, 1122, 2, 1, 0, 2, 4, 7, 2, 4, 
1, 3, 1004, 12, 2, 0, 2, 10, 4, 1, 
1, 1, 2, 968, 0, 3, 1, 1, 7, 5, 
0, 1, 4, 0, 952, 2, 3, 2, 4, 10, 
3, 1, 1, 11, 0, 870, 16, 0, 23, 8, 
3, 1, 4, 1, 3, 4, 921, 2, 5, 1, 
3, 1, 5, 8, 0, 1, 0, 993, 10, 8, 
4, 5, 2, 3, 3, 1, 3, 2, 909, 0, 
0, 0, 2, 3, 21, 3, 0, 11, 3, 966, 
