0.0817, 0.0835
0.9469333333333333, 0.9439
0.9612333333333334, 0.9532
0.9691333333333333, 0.9584
0.9767666666666667, 0.9631
0.9788666666666667, 0.965
0.9794333333333334, 0.9629
0.9824333333333334, 0.9656
0.9843333333333333, 0.9667
0.9862, 0.9672
0.9848333333333333, 0.9659
0.9867, 0.9686
0.9859333333333333, 0.9669
0.9893333333333333, 0.9701
0.9918333333333333, 0.9717
0.9914666666666667, 0.9684
0.9925666666666667, 0.9698
0.9910666666666667, 0.9687
0.9931333333333333, 0.9694
0.9935666666666667, 0.9705
0.9936666666666667, 0.9688
0.9947333333333334, 0.9694
0.9931, 0.9686
0.9956, 0.9715
0.9962333333333333, 0.9706
0.9963, 0.9694
0.9964666666666666, 0.971
0.9963666666666666, 0.9719
0.9965666666666667, 0.9722
0.9968, 0.9723
0.9968666666666667, 0.9723
0.9971333333333333, 0.9728
0.9972, 0.9721
0.9973, 0.973
0.9974, 0.9728
0.9974333333333333, 0.9728
0.9975, 0.9727
0.9975333333333334, 0.9721
0.9975666666666667, 0.9731
0.9976, 0.9729
0.9976333333333334, 0.9728
0.9977, 0.9734
0.9977333333333334, 0.9731
0.9977333333333334, 0.9733
0.9978, 0.973
0.9978333333333333, 0.9729
0.9978666666666667, 0.9729
0.9979, 0.9728
0.9979, 0.973
0.9979, 0.9729
0.9979, 0.973

966, 0, 3, 1, 1, 4, 6, 0, 6, 8, 
1, 1125, 2, 0, 0, 1, 3, 5, 1, 3, 
2, 1, 1008, 7, 5, 0, 0, 12, 2, 0, 
1, 2, 2, 980, 0, 11, 1, 3, 5, 4, 
2, 0, 1, 0, 955, 2, 4, 1, 3, 12, 
2, 1, 0, 9, 0, 859, 6, 1, 3, 0, 
2, 2, 3, 0, 5, 8, 932, 0, 3, 0, 
2, 2, 6, 4, 1, 1, 1, 994, 5, 9, 
1, 2, 6, 4, 2, 4, 5, 0, 942, 4, 
1, 0, 1, 5, 13, 2, 0, 12, 4, 969, 
