0.06253333333333333, 0.0645
0.9338666666666666, 0.926
0.9618666666666666, 0.9445
0.9673333333333334, 0.9488
0.9742666666666666, 0.9533
0.9783333333333334, 0.9544
0.9798, 0.954
0.9771333333333333, 0.9517
0.9835333333333334, 0.9568
0.9886666666666667, 0.9579
0.9875333333333334, 0.9577
0.9917333333333334, 0.9601
0.9932, 0.9622
0.993, 0.9596
0.9946, 0.9619
0.9948666666666667, 0.9625
0.9954, 0.962
0.9958666666666667, 0.9618
0.9962666666666666, 0.9627
0.9964666666666666, 0.9622
0.9965333333333334, 0.9635
0.9967333333333334, 0.9637
0.9969333333333333, 0.9621
0.9970666666666667, 0.9641
0.9972, 0.9634
0.9973333333333333, 0.9629
0.9976, 0.9631
0.9976, 0.9638
0.9976666666666667, 0.9646
0.9977333333333334, 0.964
0.9976, 0.9646
0.9977333333333334, 0.9647
0.9977333333333334, 0.9644
0.9978, 0.9646
0.9978666666666667, 0.9645
0.9979333333333333, 0.964
0.9978666666666667, 0.9642
0.9979333333333333, 0.9646
0.998, 0.9641
0.998, 0.9651
0.998, 0.9647
0.998, 0.9644
0.9981333333333333, 0.9645
0.9981333333333333, 0.9647
0.9982, 0.9644
0.9982666666666666, 0.9646
0.9982666666666666, 0.9642
0.9982666666666666, 0.9641
0.9982666666666666, 0.9641
0.9982666666666666, 0.9641
0.9982666666666666, 0.9641

965, 0, 9, 1, 2, 6, 11, 0, 6, 7, 
0, 1118, 0, 0, 0, 1, 4, 9, 1, 4, 
1, 4, 999, 16, 2, 0, 2, 11, 4, 0, 
0, 2, 4, 968, 0, 11, 1, 3, 9, 9, 
1, 0, 2, 0, 949, 0, 3, 3, 4, 20, 
2, 1, 1, 9, 0, 849, 9, 1, 7, 2, 
2, 4, 4, 0, 6, 6, 921, 0, 3, 0, 
4, 1, 6, 3, 4, 2, 1, 989, 6, 8, 
4, 5, 7, 8, 2, 14, 6, 0, 929, 5, 
1, 0, 0, 5, 17, 3, 0, 12, 5, 954, 
